# WALLQVIST for Oommen-Kashyap algorithm.
# Deletion probability: 0.0001
# Insertion distribution lambda: 0.0001 * 1
       H      G      E      I      T      B      S      C      -
H  -0.70  -0.70 -17.70  -6.70  -6.70  -6.70  -6.70  -6.70  -6.91
G  -0.70  -0.70 -17.70  -6.70  -6.70  -6.70  -6.70  -6.70  -6.91
E -19.00 -19.00  -0.00  -8.00  -8.00  -8.00  -8.00  -8.00  -6.91
I  -7.61  -7.61  -7.61  -1.61  -1.61  -1.61  -1.61  -1.61  -6.91
T  -7.61  -7.61  -7.61  -1.61  -1.61  -1.61  -1.61  -1.61  -6.91
B  -7.61  -7.61  -7.61  -1.61  -1.61  -1.61  -1.61  -1.61  -6.91
S  -7.61  -7.61  -7.61  -1.61  -1.61  -1.61  -1.61  -1.61  -6.91
C  -7.61  -7.61  -7.61  -1.61  -1.61  -1.61  -1.61  -1.61  -6.91
-  -2.90  -2.90  -1.59  -1.99  -1.99  -1.99  -1.99  -1.99  -6.91
